   8       0 sda 759390 4416 53865028 196714 2957560 1499429 275847020 19824034 0 994994 20020647
   8       1 sda1 424 167 55063 327 315 28 343 206 0 235 533
   8       2 sda2 669 0 91126 265 1051 51 39622 1517 0 1398 1782
   8       3 sda3 6172 59 462335 2126 255954 25693 4214637 226395 0 100581 228312
   8       4 sda4 414770 138 22926815 111012 767297 338996 35189332 3547371 0 294942 3658035
   8       5 sda5 5483 0 474384 1217 0 0 0 0 0 1021 1211
   8       6 sda6 21473 18 1659046 4365 1112698 40255 122508128 3048122 0 296989 3052178
   8       7 sda7 1633 1151 30864 279 1331 37823 313232 3653 0 2807 3929
   8       8 sda8 308667 2883 28160531 77107 780179 1056583 113581726 12956059 0 270618 13033815
  11       0 sr0 0 0 0 0 0 0 0 0 0 0 0
   8      16 sdb 0 0 0 0 0 0 0 0 0 0 0
