   8       0 sda 759390 4416 53865028 196714 2957628 1499433 275847857 19824051 0 995011 20020664
   8       1 sda1 424 167 55063 327 315 28 343 206 0 235 533
   8       2 sda2 669 0 91126 265 1051 51 39622 1517 0 1398 1782
   8       3 sda3 6172 59 462335 2126 255977 25695 4214953 226400 0 100586 228317
   8       4 sda4 414770 138 22926815 111012 767297 338996 35189332 3547371 0 294942 3658035
   8       5 sda5 5483 0 474384 1217 0 0 0 0 0 1021 1211
   8       6 sda6 21473 18 1659046 4365 1112737 40257 122508609 3048130 0 296997 3052186
   8       7 sda7 1633 1151 30864 279 1331 37823 313232 3653 0 2807 3929
   8       8 sda8 308667 2883 28160531 77107 780185 1056583 113581766 12956063 0 270622 13033819
  11       0 sr0 0 0 0 0 0 0 0 0 0 0 0
   8      16 sdb 0 0 0 0 0 0 0 0 0 0 0
