   8       0 sda 759390 4416 53865028 196714 2957605 1499430 275847488 19824048 0 995008 20020661
   8       1 sda1 424 167 55063 327 315 28 343 206 0 235 533
   8       2 sda2 669 0 91126 265 1051 51 39622 1517 0 1398 1782
   8       3 sda3 6172 59 462335 2126 255967 25694 4214805 226398 0 100584 228315
   8       4 sda4 414770 138 22926815 111012 767297 338996 35189332 3547371 0 294942 3658035
   8       5 sda5 5483 0 474384 1217 0 0 0 0 0 1021 1211
   8       6 sda6 21473 18 1659046 4365 1112724 40255 122508388 3048129 0 296996 3052185
   8       7 sda7 1633 1151 30864 279 1331 37823 313232 3653 0 2807 3929
   8       8 sda8 308667 2883 28160531 77107 780185 1056583 113581766 12956063 0 270622 13033819
  11       0 sr0 0 0 0 0 0 0 0 0 0 0 0
   8      16 sdb 0 0 0 0 0 0 0 0 0 0 0
