   8       0 sda 407240 2113 27698126 82629 479744 229697 38936608 2377278 0 204756 2459895
   8       1 sda1 326 171 36663 203 58 6 64 24 0 93 227
   8       2 sda2 1001 0 126925 336 177 12 30196 496 0 440 832
   8       3 sda3 3945 68 248668 1253 41178 4449 672718 39797 0 17250 41011
   8       4 sda4 247823 43 13689322 43286 133577 60196 6199273 617765 0 78399 660897
   8       5 sda5 1178 0 102920 289 0 0 0 0 0 238 289
   8       6 sda6 15674 8 994557 2793 194179 6094 23281563 385668 0 53956 388365
   8       7 sda7 206 363 12568 72 216 1412 13024 243 0 298 315
   8       8 sda8 136991 1460 12481863 34379 103772 157528 8739770 1326332 0 50172 1360723
   8      16 sdb 0 0 0 0 0 0 0 0 0 0 0
  11       0 sr0 0 0 0 0 0 0 0 0 0 0 0
