   8       0 sda 65989 253 3080519 42660 4500 711 220642 11433 0 13305 54052
   8       1 sda1 159 169 4689 135 1 0 1 0 0 35 135
   8       2 sda2 628 0 44730 208 12 1 4203 23 0 186 231
   8       3 sda3 1187 27 53637 452 802 93 17901 603 0 528 1052
   8       4 sda4 12595 54 988010 31841 1149 385 51087 4895 0 2772 36727
   8       5 sda5 47 0 4384 43 0 0 0 0 0 34 43
   8       6 sda6 14884 3 456478 2153 2354 177 138143 5736 0 2615 7885
   8       7 sda7 49 0 4648 40 0 0 0 0 0 34 40
   8       8 sda8 36344 0 1519303 7773 136 55 9307 174 0 7606 7922
   8      16 sdb 0 0 0 0 0 0 0 0 0 0 0
  11       0 sr0 0 0 0 0 0 0 0 0 0 0 0
