   8       0 sda 674472 3747 49102066 180046 2297491 1075808 232132437 15474102 0 792445 15653886
   8       1 sda1 423 167 55062 327 245 22 267 167 0 215 494
   8       2 sda2 669 0 91126 265 869 41 37436 1314 0 1197 1579
   8       3 sda3 5881 59 456535 2088 188359 18959 3096581 167134 0 73898 169070
   8       4 sda4 361214 138 21544558 104081 598283 258238 27288908 2706917 0 235474 2810635
   8       5 sda5 4974 0 434192 1108 0 0 0 0 0 925 1103
   8       6 sda6 21203 18 1644822 4293 891882 28980 104712958 2136110 0 235633 2140137
   8       7 sda7 602 491 17304 130 765 22730 187960 1718 0 1539 1845
   8       8 sda8 279407 2874 24853603 67738 587960 746838 96808327 10429937 0 224076 10498075
   8      16 sdb 0 0 0 0 0 0 0 0 0 0 0
  11       0 sr0 0 0 0 0 0 0 0 0 0 0 0
